1119901110113.

flu 119 m. 95151115 15111 Nepos 51111111511155151.
1511 1111ιί111 11961. 111511151- Neptuni asylum 3 63.

519.
untia 0111υ 515151 11511551
91111511951555139. ⁴
9111511 ι. 9111111.

1111111111 nain 5595155551 19 59.
1151111115 praeceptis 1115551111-
5111 15 11.15151 155115159911-

’ 55151555651151155 11381, 910.

¹ :¹:2¹ 11111.ἱῖ 11 111191

1151111511 9111555 555. 959. 5115-
eim 155111 55555515151 9 99.

11111111 ram 1155111115 latim 9

11111119 v. 11551111. ’

11151111 1 50, 959 5159.

5151151 9 91.

9151115115 6 18, 19 53. 0 ,15.

11151111 ss. 115 96.

nomm rex 951. Δ

51151511 0511155155 555. 0 99.

Nu 91 10, 3 9.

Mum (mun v. 011111.
1111111111 claudii 11551151 11 99.

1115115111 95151111 30. ι5 55-

151 5501159155511115155 15-

15111331151551155551 11151111·

11111 11551115 11 19, caedem 515·

m 1131. quaestoria 15115511

1111151 1138. Aelim 95115551

1559 0111111151 15151 19 1. Agrip·

51111 1551111 ιι 1115 1515519

5111551 5151 15111151 19 65.

11 11551511 agitur 13 1.

11111151 0515111155 555. 0 99.

, 11515 05511151 ι 01151115 1115515151

11 1561111111 6115 1515555051
19 15. 0515111 claudii 5111 51

despondetur 19 9. 1555 virilia 51 ’ ¹ ’

naturam 19 91. 555555511115
1515551551 5551555515. 5515-
5551 1515515111 1555111155 1510.
05111155 5551555155 19 58. 111-
11159311511511

’115515155951 13 3. 15151 5111

13 3, 19 16. 5115111 ’5555111 13
10. 95155 libertam 1515113 19.
ab 0511115 5511555 1555515115.
51155511 5115 1960. dein revo-
51115115551115151551 15551 19
69. Britannicum 1555551515113
16. 1551111 ,5515551555 15 5555-
61551519911511515 1511555 11-
5111 1935551111 11551 147.

1155551111 55555611 19 10115·
mm 1515111151· 19 13. iuvenale·
1155111111ιώ1 19 15. 5151555111 .
5115115111 15. 111 6515515151· m-
511511 19 59. 5515551515 5151 ad
3555515 19 55. 95551515 115-
5511113 96. 5551 ea coniungim-
1960. 9515155155 51511 15 31.
05515ιί5555 1555115111,116511 15
99. 1551511115 15 eum 15 98. ci-

15551 1515511155 51511 16 9. equi· .

151 cogit 15111115 1515151 11369. “
1555511151 551515 1111151116
6. 5151155111 laudat 15. 55511115
51515551115551 11190 15151151
51 15511 Vitellius Η 9 95.

111115 39. 113 5351605163 Nero Germanici 61151 w. 1555·

nuum.

11111511. uanius.

111151. 91155111, valerius.
munimem, 199. 11995.
11119115115155111.

’11111 v. Pinarius.

55111. 11 9 10.

”bannui utrinque 51555 113 91.

. 151 19155555555155115155399,
, 9 8. lulium Drusi 611515 ducit

5151511390. 5111551551151155
9 11. commendatur 111111 9 11.

9511555 emimontu 959 51 .

61. 1 Tiberio 55511 15551515 55-
551115553511151515155555-
5115551555 59.

Nero 'riberii 551551 10, 5 1, 6 51. ’

11111 951511 111 9555555111 55111-1151515155111 1 9, 98.

9111193515.

Naqmlw,
11111159.

Nero 0155 fl 1 13.
Neronem 55511516 19.
Nem 615155 11 1 1. principatu

11155111 5111119 10, 15 33, 16 10 15 libertatem 1511551193.
&mm οπ515115555. 19 91. 0 1155165155155155551 5551111 958.

1515511511 morte obit 6 96.

² nemu Aridum 1111555111 115511655ιεί11 51111119099999·

119 19.
1 ’1151151 11.

1519.
0

 

