4⁰7 .1111111.

- 11011611111141611111006.11619101111111131111111

1111111 cm 1111111311111111 111 11. 1
42. 111111 0116111614. 1111111111· 111 ³

11111. 11... 11111111.111111111111111111 ³

1111111 6111111 1111111161 60. 111111 eiu 11 1⁹ 6 11 61..
6111111111 6111111. 11111· Alba 111111 1114.111111111

111111 cumulum 14 61. 11111111 16 6. 611111 11111111 11 .

111111 1111111111 v. 1111111111. 1 161
111111 61111111 16111111.1111111111111010.1111111111111
1101166161111116. 111611111111111 111111.
1111111 Deum 131111111010. 1111111 9113161111 1111111111 31.
111111 1111111 111113401141. 111110111119141169, 16 06. 1
1111111 0111111111 1111111· 114 30111111110111611111, 6611111 1111 1
Britanniae 11311111 111. 1111111110 76. ³

111111 1111111 11111111 1431111 11 1 11111 6111111 0111111 11111· 10 4 .

101101111111111 1111111 111 111111 111110. 1111111116- 4
1111111 1111111111 ,43611111 pntq· 1141416111ὣυί 1111111· 11 60.

64. 111111 011111 cailan! 1111 1111.
111111611111 1110111111111111111 11111 per Mamilium 11111111

11111. 1111, 1111. Agrippinae 1111 1
1161111611011111041. 1111111111111019.1111111111111 Ῑ

111111 111111111111316. 1311111011111111111411.
lulius 61111111 11411 1111111616Ι 1111161111111060·

1111111 6111111111 11111111 111ἢ lunii [1838 .
. 1161. 111111 Blaesus Pannoniae 1131111 ’

1111111 maim 16111111 91111111 116. 011111 1111111111 3 06. ,

dux 11 4 00. ’ 1111111111 1111111111 mittitur 11.

111111 1111111111 11111 161111110 1111111111 ei 1111131111 3 60. ,
06. triumphi insignia 11111111 3 72. ἶ
111111 111111 6111111 1141011 1111111111131111111 1111111111 .

01. 0 14.

111111 11113111 6111161611 111· 111111 11111111 611111 19. 16 ’111- ,

11111111149. 11111111 11111111 1 1011116111

111111 Placidus 11111111 6066. 113111161111014. Lugdunensis 1

1111119111111010. 6101111161111169.1113116
111111 1111111111 41311111 11111111 1111111 eius 1131 9111111111 111

412, 69. ob 16 Vitellio 11111111 11. ff

111111 1111111 11111111 111 91. · 111111 necatur 11 0 00. '⁴
Apenninum 1111111111 066. 61- 11111111 6111 Ponti 111111111111 11.
111111 1111111 11 0111111111 11- 0111111111111 12 00. ,
31161111· 11 0 61 111111111111-1111111611111 Senecae 11111166 ’
11111411.111111111111111116111610.’

1111111 611111111131 11 46611111 lauhs 1111111 11111111· 1141.

(11111111 11111111ωο1161111-11111111111111111 111111 6111311111 ἶ

11111 19 11111111 iubet 114 61. 14 46.
novem 11111 11111 11 111111 1111111111 11440.
1101161111111616111040, 410 11111101111111111060, 641.
1111111311 346111113111111 1111110111111111111111111111641.
11111111 401. 1111111 1111111111 6 4.
111111 01111611 111111 0 1. 1111111 11111111 4 04.
111111 ’1131111111 eques 11111111 1111111 Silam 1011111111.1
1660.. 1111111644. 11460. 11116111 111111 ’
1111111111111111411.13111- 11106. 61111111414.
1111111111 11111 6111111111 16- 1111111161111111111 1510111111·

1311114601111111111161111-1111111014111111 11. 111111 ’

111111410111111111111111 400. 1111111111664,1901.

 

