5“’ ’11511

0115515511 1111555555 du 1055. cnm Votcrn'v. 751515·
t perdolata 5511151 10 55. 11545. 0151111555 Η 1 70.

11551115 51151151 tt 55. 1011111111 0151151 0 57.

vniam 51111151 11 tt. ¹ 0515 1111155511 0 051 5.
0111111151011115 0 18. mutu 00515 0 54.

5 011115 0 51. meato 4 54, 15 51.
0515511151155151151111 1115114. 0115 1151151151 5 55. 0 n.
011155105151 1555151 1510. 55- 05151151151151 110.

555151 154505111515111 0151151151 11115511 11
0511111111 5 55. 1⁶·

1 01155151 51551 515511 11 2 78. 05151151 5511111 1515111 1 02· 51
51115155 05511115, 51511, ciceronis 55.
’ 0.Ξὶ 11515511 111 1115111151 15 0111111551 1. 11111151 '
40. 1155 14 15. 1115111511 14 48, 0515111 55151151 4 54.
15 14 0115155 15151151 11 5 75.
051115155 5555111514 15. 051510551555114551115151011.
¹ Ι01115155111111.11550.10551115 5151511515.
carthago 11 1 75. 5151 1151151 114 0551511111 14.
45. Celenderis 01115155 5511511511 050.

Cartimandua 551151 1111115155 15 051511 0511511, 05111551, 011-
’5511545715511151511140 11111111.

05151 Metius 5555151511 45 Iu· 05151 architectus 15 41.

·115111141. 105111 51551 11511. 151. 155111·
0111151151 55515115 15 45. 111 Vo- 15115 55. ’

1515151 51111151 115. Poeta 1111151515 1115111151 nt
00155515115111575. 10. 5 51515115 11115 1555111111
0111111 111 555. 0111111511 5155- 111. ὺ115115111440.

11151115. 051551 51511 11551. 014. 11155551
055515510150,1511.15111 50. coniurationis 1551514.

. 11511111 11111151 1.11111111. 111111
0511151 1 0511111511 115151 0 57. 0 14.

0111151 Asclepiodotus 1111111551 15 0555111151 15511551(

55. · 5511115515 111111 tlt, 551, 15 5
0111151 0155155 1 51. 11 4 47.
001155515151155151055551111 ssot 555151 0111111511 1 51 51 55, 5 5
· 15,511.1115.51515111551·11111111

Ι11515111 554. 5151151 1151 157. 5151551055111. .

51515 75. · 5551011511 1515ι 15511151· 1 18,
0511151 Longus 11514. 15511551 541.

515. ’11115111 1115155515 45. centumalo· 515155 111111 15115-

· ’0511151 5111111555. 11115151 151 0151511551 0 7 ot
0511151 5115511. 1111115 1 75. 55- ’
·01511515515151 1 70. 11555511 centurionum 111.
5151 151ῂ11 111. 11 5111115 55515· ’5551510551 5 1511151151 urbm! 1
„ · 55114115010111115111 515115- 55 115511 11 1 tt. 1115115511 110 ·

55 5515111 151555511511111015 50. 5151115111140. ·

51 25. 05111511 ,1511151155 m tt 5 1.
00111151 811115155151 1111. 15- 05151111 151115 1 55, 415.

111155111151115111515. 511115 01151555 15445155051551115451

5151 ccum 151151 1445. 51151- 0401555. 05151151 55555151

111151 15 51,15 41. 11511111 15555174.15410515111111055.

5151551 157.· 15 5111115111 111111 01115111 Anicius consul 15 74. oo·

¹ 1505110 ’ 51.511511517
, 50111151 ’11115111 11151οΜ51515ψο011111100111151145515151115551

0511151 15511551. 1511511551 1515511151 11555. 115·
01515151 Pollux 545. 0511515111 51515 cun 51155151115551111151

155111Ὴο11001555551111114.11575. coemuntur-tutta:

0
ι .

 

